8.395904551403239602e-02
4.127474769060691662e-01
2.118093963721945083e-01
6.138587432561241203e-02
4.316271962777673554e-01
1.892561734147765184e-01
9.996471730001867950e-01
1.700224084561957894e-01
4.510927817274649337e-02
3.194437522250329065e-01
8.113774277087003606e-01
6.280052515541911795e-02
2.777036983230453115e-01
1.717340705941675094e-01
9.388549686224405555e-01
6.148189293261577953e-02
2.134252912299087201e-01
3.052310025053384113e-01
7.764684099144697482e-01
1.797198500800318843e-01
2.535053459266888298e-01
4.592825453882858761e-02
1.907898330863491698e-01
3.624216071551663032e-01
1.158860762568238723e-01
3.031924759164387195e-01
4.170681278400023007e-01
3.637059453677252835e-02
3.273328194382451456e-02
1.249457417990411101e-01
4.877988662047177959e-02
8.181546032412290170e-02
4.169695528533008677e-02
2.281170513061818450e-01
7.361964164403761446e-01
3.598741916029878918e-01
7.438385994720919658e-02
4.661250718385831493e-01
1.009596749577802294e-01
4.905078571911689056e-02
2.394331932375099448e-01
4.266533194636578652e-01
7.963051124828661453e-02
9.596471584566498847e-02
9.144104574851878997e-01
4.383915822517353567e-02
1.643796449144476479e-01
8.681196958681132447e-02
7.182849583483873201e-02
2.407152358304119055e-01
9.997969347925812489e-01
1.932322006520405810e-01
9.996727589032250449e-01
3.894795312917511687e-01
8.518373636211460376e-01
8.968113666026451547e-01
7.202721264565452586e-01
6.053466513510857849e-01
6.427848319180643477e-01
9.497304624438701603e-01
8.275765108231422085e-01
8.430963404075623169e-01
1.820338796332350295e-01
8.807313328337892377e-01
9.644594071436118909e-01
6.514059045257447611e-01
8.289144498174296771e-01
9.986069503720531593e-01
3.793487028039286835e-01
9.482520753660488300e-01
9.774244067462186658e-01
3.118115772867241509e-01
6.300748489477888681e-01
4.262022265059680626e-01
8.020873737785078061e-01
9.912836011721922747e-01
7.102157112043566700e-01
4.702086990393937738e-01
9.820117291084106137e-01
2.498708248711658253e-01
1.602604723215322047e-01
9.998601128114389391e-01
9.681688021968378743e-01
9.343402410722049245e-01
5.085322420792552922e-01
8.780018247070036086e-01
8.046773568377003638e-01
6.498029693527858086e-01
7.525089713419517157e-01
9.999454554699067632e-01
2.342785577254617169e-01
7.147137463990980155e-01
6.953308712341954578e-01
8.041846965606589404e-01
8.354013637682482507e-01
5.220584573332822664e-01
5.029738333467990152e-01
7.232956473322786906e-01
9.979439318856903052e-01
4.142511631256541871e-01
