1.849953345725700582e-01
1.220791191459974639e-01
1.207852857965558274e-01
1.228427215865205008e-01
9.455383389182688836e-01
9.166822383216728376e-01
3.093723144412272585e-01
9.361829873544991881e-03
2.275558642392196407e-01
1.893130754342061406e-01
1.697399276496828202e-01
1.204080314292435838e-01
8.265533142551081403e-01
9.178535038675383895e-02
8.516397149673202716e-01
3.987170209610994137e-02
2.916344895183985431e-01
1.510439867078653409e-01
2.708835907347396654e-01
6.273139870705161936e-02
1.450786957084836126e-01
2.209632023591830696e-01
1.217282320822742209e-01
4.457694404708036767e-02
2.213137607560132503e-01
2.223133662682572897e-01
3.785960761806587693e-01
9.805252067108936875e-02
9.844233922716416618e-02
1.150523506128087181e-01
4.122508339039998027e-01
5.835676525719970531e-01
7.013397575808445750e-02
1.849199386918619625e-01
7.390333640254999337e-02
2.900645585737905430e-01
3.640263898014460264e-01
2.808386208953262408e-01
1.038725385284108432e-01
1.818640993676843426e-02
2.285281448228475287e-01
6.809466491623573925e-02
2.028854563029916513e-01
3.156093318525198810e-01
8.909837354795256681e-02
2.237065441089915729e-01
2.562076815347661407e-01
3.695713864773982060e-02
1.410424742212841864e-01
1.568386910582038885e-01
9.317855778901766861e-01
7.358836308467834320e-01
7.833305606546009381e-01
8.592675223538377427e-01
5.865927256011482793e-01
8.451064965000802953e-01
9.096532643386232575e-01
6.675485747112911428e-01
6.507423327035362082e-01
9.565950956062356791e-01
8.962023778351098091e-01
4.227020839018358900e-01
9.773337779966240202e-01
6.752938673315507234e-01
5.098909775662853194e-01
9.794628864655285927e-01
9.524517960079641465e-01
8.125922191998218302e-01
9.021820123477193309e-01
4.216910686552708953e-01
6.252297839950315961e-01
4.783866443022516401e-01
3.509582079411568412e-01
9.847919202561569163e-01
2.575119958812612242e-01
8.466291357571297249e-01
8.244665168055910209e-01
7.249136175804370419e-01
8.390147539453024494e-02
7.632555642222742520e-01
7.534911266845211175e-01
8.903322739017969223e-01
8.931204514956645468e-01
9.624907509160754993e-01
7.666126914197438635e-01
9.547908358636779669e-01
9.955925622421527565e-01
4.095736182962217420e-01
9.809345628739528644e-01
8.975747130355545833e-01
7.353312202413199161e-01
4.907089594287426526e-01
5.643886831191232689e-01
8.609824602993848552e-01
2.190553064533454497e-01
9.477372898375341359e-01
8.910611632572376095e-01
6.731992020812170852e-01
8.274172644974943092e-01
9.788009703931841443e-01
