9.699476898776520528e+00
7.159807120666926039e+00
1.175753663259446746e+01
7.316028492826523788e+00
1.761128888023717565e+01
6.242705774169108324e+00
7.647303687333535827e+00
8.114473039711095126e+00
8.752354743467318343e+00
6.352157701840824622e+00
5.438687174498647359e+00
6.745700817030096275e+00
8.243251212773248682e+00
9.515193147531745055e+00
9.069428806769947116e+00
9.596752881280862013e+00
8.699599862662761751e+00
1.246853991833929420e+01
9.110642245711773057e+00
9.516405794163542708e+00
7.470024677474505381e+00
1.112809987480657803e+01
8.382741064767813555e+00
6.988566038716605533e+00
6.066681611032159971e+00
5.828890384435954530e+00
1.479465438020474544e+01
6.121791427362036409e+00
1.411193994154723619e+01
5.407495613209192697e+00
9.768354090602676010e+00
7.961414160508253346e+00
7.637660282669633816e+00
1.116028932484416636e+01
1.040672254102981853e+01
1.257720435749410726e+01
8.412717951470298772e+00
6.820630974816451086e+00
1.024051734756746157e+01
5.734485789144287082e+00
4.688516699874808680e+00
1.254264504317330697e+01
6.621937600222949527e+00
8.745208044307107187e+00
1.509063190603170845e+01
1.030687782610240433e+01
1.007599363429701000e+01
7.438524053025858507e+00
8.165592074484667506e+00
1.191389883499065228e+01
7.634487039490450044e+00
9.093540998154313826e+00
9.998061246365757881e+00
6.385331397531127884e+00
1.352198568431757941e+01
7.665679102596967276e+00
6.856935095857338069e+00
1.022093234623218727e+01
9.576220818220257058e+00
9.911896751439957853e+00
7.277028678075167178e+00
7.945324838519948862e+00
1.395853286218045319e+01
6.580712602282253521e+00
1.623833691808293977e+01
6.478408019571305410e+00
8.434915122529105247e+00
5.679978349704609464e+00
1.308658609187542865e+01
8.394026558621446199e+00
5.728673071724032617e+00
1.417444779035763602e+01
7.921371229041834994e+00
1.042798001005346720e+01
1.309056591860901797e+01
1.371271628028030953e+01
5.910272665133654790e+00
1.220312097926047024e+01
7.027851130469363383e+00
7.016613760960162871e+00
1.089327375783407348e+01
1.105873199750927327e+01
1.493140594329591408e+01
4.909788700382842208e+00
4.902712039711254910e+00
7.908982977654194002e+00
1.986537380487857618e+01
4.036154789495464357e+00
1.574568535775494382e+01
9.183574775834953741e+00
6.069710223514681147e+00
7.016084409181945425e+00
7.701477839530464387e+00
5.918564766377534703e+00
1.500246243769096388e+01
7.356726491389998124e+00
9.161117873613898510e+00
9.062998983968803657e+00
8.827529960676223197e+00
1.539549379854354427e+01
9.939253765732731338e+00
1.771516672604012754e+01
1.105532821118380937e+01
1.215416265521306727e+01
9.245375878369234357e+00
4.308003952398678393e+00
8.839670423390842302e+00
6.845267338623701292e+00
8.594205648228683714e+00
1.027069405928387447e+01
7.998374811384718619e+00
1.007659605530620617e+01
6.302184410779299029e+00
9.912130306894264109e+00
1.330140610945473334e+01
1.760899855834585637e+01
1.372486576795572333e+01
1.204825811067267693e+01
7.760505904439125580e+00
9.857711637265534677e+00
9.152699329733239964e+00
1.106089265733953475e+01
6.017622637684883813e+00
8.904206664167771734e+00
6.142779350987552789e+00
1.290457350939832537e+01
1.239957986362173514e+01
1.366004991862898699e+01
9.134068884711927794e+00
7.484255095024167304e+00
5.133459373552941685e+00
6.232974251691520529e+00
6.011154839964502727e+00
1.483519899974259459e+01
9.505772375020816511e+00
1.275529728110792682e+01
1.680447507189454370e+01
7.101457233008428460e+00
1.025637675739193533e+01
1.213380524304407437e+01
1.348115433140292829e+01
1.039476371468774119e+01
1.453121768253316048e+01
1.052537930841299385e+01
1.769679917892437260e+01
9.420610560149032864e+00
1.531104753223745263e+01
1.213312223333966777e+01
5.415466694405482784e+00
8.871728141893525432e+00
8.415914735299754312e+00
9.025233485082663876e+00
1.507034483419511339e+01
1.249726191566415068e+01
1.201340708275018621e+01
6.843074610582651651e+00
7.605381425795696870e+00
7.979109810038184314e+00
4.941515625749550722e+00
5.306946398715064461e+00
4.711298621371306616e+00
9.163351318802009260e+00
9.051294207985215223e+00
8.140965588556138499e+00
7.420450402859431804e+00
1.147950139313219253e+01
1.475480525346966409e+01
7.801902592447865992e+00
1.118329621400642182e+01
1.078792518330772054e+01
1.537502438922842174e+01
1.001691977083174656e+01
5.330381127960916565e+00
1.149828628585744994e+01
1.585501352301178812e+01
5.947615695999633800e+00
1.659915908933283291e+01
1.283629080319591864e+01
6.145498150044805818e+00
9.223088559312650148e+00
1.491928537465898508e+01
1.398111504541245687e+01
1.026578307911922927e+01
6.654361605069216701e+00
9.984097306158842500e+00
8.797789176232372554e+00
9.074128523778798083e+00
8.456830672247647840e+00
7.898400881152997322e+00
5.373733598151182456e+00
1.030014675728473250e+01
1.367578577749353741e+01
6.884607480921919098e+00
5.890562993642636691e+00
6.601501948777871220e+00
6.955720150874971530e+00
1.234419121800710961e+01
1.143427488444023687e+01
1.137494216934028657e+01
1.283630407121286510e+01
5.646645602567205380e+00
4.333871742672793737e+00
5.716940978398773687e+00
8.873849779554534578e+00
9.027681938831868536e+00
6.828779415747073145e+00
9.974280676041333393e+00
7.051211066150161244e+00
7.624947641149763200e+00
6.807152857525222700e+00
1.034726932819111234e+01
5.828208378309930104e+00
6.849662475492769964e+00
7.775782288570253442e+00
4.990253511703429012e+00
8.994834379625668674e+00
4.973689174490674603e+00
8.448481371903623582e+00
5.231094721072937048e+00
6.649083067499057975e+00
9.243897924194335758e+00
1.418238367511380815e+01
1.225066049842573612e+01
8.443556578794575884e+00
7.541585768660191924e+00
1.109101297951280785e+01
1.149048142666810435e+01
8.286931938719714452e+00
6.308293252018703612e+00
1.095879391374872114e+01
8.714455562284811663e+00
6.479867525362673852e+00
1.121342829059864066e+01
1.188261047738015819e+01
5.689201731592802069e+00
8.548397232019699032e+00
6.027158586318804190e+00
1.101502214250068157e+01
1.009479241733721189e+01
1.890693943121527809e+01
9.386963974403100153e+00
6.424387314284165207e+00
9.817580543978641217e+00
8.854509328568434867e+00
1.087479787356411265e+01
1.111015223912247052e+01
9.036975801153950272e+00
6.753395316100707646e+00
1.191455830703059249e+01
9.627266820941878578e+00
