2.869238357915621096e-01
6.928847180374905212e-01
1.807458729650341933e-01
3.527618087384566670e-02
1.053965856527035450e-01
3.648559851190655290e-02
4.361498800882082985e-03
1.969112171862374278e-02
8.902243388638039073e-03
3.406090713714572948e-01
6.048763388324552431e-02
1.105128380437082371e-02
1.715785822976209074e-01
8.943158320395829808e-01
2.245431087938664499e-02
5.279429060781430649e-03
2.562632479988146139e-01
1.474821598550858149e-04
2.268951676707217126e-03
4.486771848079432190e-01
2.815552349201728638e-05
1.784806636746803232e-01
7.867523770320273896e-04
8.959036205490288063e-03
4.545549109598049568e-04
1.783221248732776709e-01
1.041492245929886030e-03
4.310341866195529364e-02
2.421702850332846380e-02
5.012147477856168098e-01
2.096040716291736831e-03
5.936578172591762577e-03
3.422305077412395868e-01
1.015929227930966822e-04
7.863671165264989006e-04
5.232756960811320995e-04
2.974171191104647838e-02
2.579406930198079317e-01
1.994491244317259104e-02
1.168643666982048246e-01
2.089941089957131348e-02
3.221130592994757139e-04
5.916910511360628372e-03
5.050973057412701944e-02
2.956601491349653780e-03
3.307677333182304849e-03
5.011915408049099074e-01
8.724323033800928176e-03
1.147751364593093803e-03
2.934039410230943057e-01
9.111383411683074973e-01
3.798265496566888277e-02
3.576243397793149766e-03
7.369260744724138723e-01
4.486046332886287069e-01
2.363533076948139827e-03
2.463769508529574728e-02
1.418147182213189139e-02
6.186388340398712602e-04
1.479397489868554579e-02
1.060190252339058284e-04
3.268457013000770385e-03
1.501453872716872195e-02
1.903039733655112198e-01
2.676616791704694684e-04
7.538185843566831412e-01
5.886819130139318975e-04
1.232504396930790037e-03
3.222583458985892740e-02
5.234091480616071858e-03
4.822728282177594743e-03
5.683365970948280055e-02
1.716737046925901396e-03
2.098595050717607657e-01
4.543644931878721982e-01
3.435291706646759376e-04
1.374874255976610889e-03
5.422729752282717287e-04
6.084196546447163609e-03
1.838669661725474691e-01
9.661341023178662279e-01
1.269694544189517715e-01
3.218119268197307974e-04
1.713233812536419211e-03
1.650619898714407398e-04
8.798420677424319269e-03
7.277508580188353504e-02
4.162674106992949978e-04
4.272992383224732092e-03
2.254159099220786472e-03
3.067930784589865678e-01
3.549577889864454772e-01
1.181125030655636116e-03
2.729795421788552140e-03
9.777095239732741527e-01
7.399639678226308526e-01
2.346071870130593746e-04
1.738273759287047027e-02
1.404869765581458901e-03
1.459708214885028499e-01
3.459678317683850032e-03
8.753310520775024750e-02
3.131040825767696378e-01
1.600132477706767142e-02
1.800143450658932623e-02
2.405589720080957613e-03
3.841837338753661263e-03
7.478970021450514691e-04
3.487536526267395742e-02
8.774422627990994747e-03
1.279774960262203554e-01
1.427585000905226130e-04
1.671952992672621390e-03
7.316715813039587589e-03
3.419603344155416847e-05
3.685949279447472103e-03
2.343479899200763550e-01
6.679727827425579857e-06
1.782677823563996733e-02
6.394562704200372760e-01
9.853185641816656335e-05
2.259181375687748135e-03
3.732765157926262647e-03
1.799363763830712781e-01
1.428842551023847829e-01
1.497326895436380811e-01
5.710875997871350113e-02
3.519206201903803399e-01
1.996714782057688702e-03
2.318909867255624507e-02
2.454710859489382582e-03
7.897719017904730743e-03
6.720518596698225045e-01
1.692988341067673888e-02
1.159379671431934496e-02
7.179674987069471770e-02
5.422681414037185338e-04
3.748739131228439464e-02
5.599628614036295410e-05
6.920469251618919550e-04
6.254820725387326289e-04
7.141735494374325255e-02
4.269695171444463228e-02
4.496475215338801255e-03
3.687233097372068029e-04
1.973490881926209957e-04
4.765795691086007618e-03
3.931516885863108914e-03
8.802885576965178852e-04
2.742115464992843366e-02
6.735911037540552593e-02
4.076683564307053044e-05
3.570703062254520707e-03
8.439661888906744539e-05
8.178957464609967198e-01
1.616435065801061777e-01
5.785764468170900149e-03
1.103629480449463241e-05
5.107714728580198087e-03
1.604231340967826039e-03
5.189093664398364281e-01
1.676396241993503280e-03
7.449618058066419105e-05
3.053493111826290074e-02
2.461250947634103028e-03
9.207211892719829871e-01
4.475240445081767569e-03
5.154600088039093878e-03
1.438274633733123839e-05
7.126390501479613719e-03
9.523711400404782923e-03
1.903369435366441750e-02
5.668524171361406516e-01
4.274919595722328526e-03
5.069624483349973731e-01
2.959822157444010893e-01
6.113178718588722083e-01
5.848364815554980140e-02
1.177464657088777567e-01
8.552936763578187357e-03
1.470176343985729259e-02
7.743060930883043091e-02
6.120234284182363149e-02
6.117393237985926588e-03
7.542827514759773422e-01
1.989232452063747613e-03
4.970934650558465808e-04
1.324683688521207658e-01
3.561445973543583745e-03
3.708752200241579450e-03
1.386578703359580449e-04
2.180817797532619631e-02
5.155017045074115900e-03
5.885200270456896181e-04
1.581580415263212358e-01
2.339654727065809507e-04
1.015877399092402671e-03
3.045700152523801996e-01
6.550144858787233515e-01
1.617578937274059547e-01
6.645778766430186779e-02
3.296357431036855967e-02
1.307565415819524415e-02
3.883179666233123328e-02
1.615073466969541016e-02
4.446581672896295911e-01
2.562270455280962200e-01
1.344109538447306740e-01
2.571764103382695107e-02
2.133919502846350416e-02
2.670133473676085650e-03
3.026328580647996526e-05
4.105942446023059383e-02
1.079881783864151124e-01
1.443476371266794733e-01
2.332711671843963955e-02
6.834317472715499553e-02
4.002305720256739072e-03
3.868451252812442603e-03
5.563355787862985791e-01
1.050283608650580229e-02
5.966488436249164223e-03
2.874295439387436132e-02
7.066453725373724728e-04
3.514993499744187844e-01
4.062476351139847619e-01
3.295911061298299471e-01
1.469891331173066133e-02
3.657814494257334396e-03
6.489766886206600402e-03
2.149064468612316425e-01
7.605867005421530769e-02
6.681281551761809705e-03
4.876248834218818023e-02
1.779964061999546876e-01
1.406542533084499842e-02
1.960350849941968482e-02
1.790773105941213528e-01
4.094909575930070350e-02
1.900655996939909216e-04
3.757224213607204821e-02
3.758303995219282323e-02
8.759673676521877519e-03
1.607884606062649421e-02
8.463043364374790711e-02
9.886463527184944367e-01
2.873098619031841938e-01
2.481290048008440718e-01
5.078947674164420445e-02
8.185309323296859063e-02
6.234645523086327495e-02
6.370187574501061656e-01
6.284761796901004640e-04
4.490269495074736164e-04
7.781807526390723505e-03
7.121633735709807789e-02
1.167460879966020909e-01
1.330540001014786887e-02
1.751483935108210125e-03
9.734955198427904395e-06
1.159196709933818341e-02
1.306268076103048459e-01
1.675255581603224246e-04
2.618837587622624419e-01
8.324740738573187249e-02
1.027869098783445317e-02
3.900304229493637689e-04
6.107284704165986122e-01
7.708626860073360121e-02
1.336623352713630850e-02
5.271984864192728187e-02
8.934573558285712272e-03
2.784986219417713744e-03
5.224168815214008665e-02
7.825795185335233245e-03
2.363771074610360526e-02
6.621437114255314393e-02
6.531853312579996018e-01
3.708660326451545676e-06
9.298572049008964335e-02
6.546191126814101535e-01
1.336998903431970975e-01
1.004045890033091332e-01
7.174683178075279277e-02
6.710064457214236222e-02
2.897761057706080799e-03
7.370384038258714909e-01
1.790266284158446297e-01
1.738153596636329012e-01
8.809547158263448391e-03
2.814627213015913820e-04
6.658772321028810174e-04
1.221067097466486534e-01
2.817546055996103180e-02
1.534341107633714618e-01
1.094163316514946488e-04
3.408977085726026535e-01
1.257405369890385479e-04
9.277117454366016688e-03
8.639283178829556403e-03
1.058490934352496887e-01
4.537305630337470919e-01
3.021919427414429451e-03
2.373757641476176641e-02
3.439814458362944194e-03
1.007843034709120580e-04
5.658588550968798869e-02
9.158933817134879904e-03
1.308709602075370897e-02
1.024719603277075971e-03
1.857567407350021182e-01
4.166873389490771966e-04
4.577936652147064633e-02
1.663443437235190003e-01
4.198169723852498958e-05
4.077495979728589480e-03
2.057286267303957417e-01
4.700923505158691867e-03
2.403656624038040494e-05
1.948421766000578165e-03
4.798402536925606282e-02
1.900181922523677160e-03
6.192481210154958671e-01
2.282308910163554586e-03
2.310174002937440824e-02
1.264206401415372133e-02
1.908557517746750989e-02
1.306377253377315987e-04
1.562687518903681932e-02
1.623620084118105322e-01
9.673261534142852183e-03
1.349337466221968516e-03
1.180602484236474292e-01
2.055774117519420857e-04
1.876259512013471464e-01
5.027687753344672883e-01
5.589302997976333502e-04
3.015443405532484820e-05
6.294628083921257611e-01
6.678759263747747754e-01
3.246184556219962417e-05
4.607295399628515034e-04
9.698667661655697991e-02
3.283622551654542289e-03
4.905759089076077717e-01
1.707146143860931442e-01
3.425192046969746107e-01
4.649818342369926860e-01
6.751234048949749100e-01
8.308324355888815904e-02
4.402441593939730724e-04
5.068907859135625138e-01
7.221733669318315706e-05
1.780050486634540685e-02
9.460394752342816682e-01
3.183898132318853380e-02
9.420356177113939911e-01
9.559414295973592268e-02
1.050536841954905903e-01
6.687161027699015084e-06
1.943870308161926364e-05
2.605551677056862636e-01
9.969339469434638223e-01
6.016338563119205674e-01
1.356659566257243862e-03
6.969732488366946676e-04
9.512414342689426601e-04
1.640846293036999914e-01
5.714637587043481792e-01
1.509589062633851430e-03
1.928577033988383982e-01
4.442720816056022065e-02
6.960465985897796859e-01
1.186350138127819170e-05
3.485328727386019683e-03
2.366938015436017607e-04
1.539768216385098420e-01
3.399575456105585064e-02
9.867746417804986944e-03
5.973649313074506084e-01
2.164495086153796766e-01
1.057103258883342490e-03
1.643269642816806986e-01
1.211174374989607005e-02
2.545559292111020389e-01
9.980914473591503411e-01
1.010260717422715136e-02
4.923117434558881575e-04
7.679301254793786669e-01
9.713528891334344273e-01
1.818660543148163970e-03
4.014923663078295932e-04
1.054150261854191056e-01
6.531817519763539158e-03
3.158294691531005061e-03
2.691201968921846932e-01
2.159989317192703706e-02
3.431719867824208764e-02
3.182256761391999422e-02
6.378191683082162777e-02
3.143463500142773537e-01
2.651204347982716314e-01
1.695496984559509391e-04
2.843003123725967602e-03
1.365509512541472419e-04
9.891250451123732856e-02
1.488970095450326547e-01
2.877134504768980722e-02
1.358879302214787144e-01
1.360242395020142270e-01
5.372179970323217972e-03
6.180332822518512514e-02
5.880923778148576808e-01
3.972310828909392244e-03
6.202658388343573227e-03
1.178076276541768636e-01
4.509751493637609299e-01
5.744361227874533390e-03
1.431027504684457066e-02
5.601644076598738878e-03
5.427751405286240782e-02
1.396056964758526659e-03
7.079433414473782112e-03
2.232728873918358211e-04
2.639442231178105829e-03
2.552430746335408469e-03
2.967694877273588383e-02
6.902344956068426178e-03
5.911828157209498939e-03
9.372990139300392265e-01
9.711707712526932434e-01
4.326553548474843663e-02
1.087487255762664443e-05
2.213261104471058935e-02
2.442021753232028955e-02
1.853664318234425016e-03
1.427267801285870240e-02
7.087820927275793048e-01
1.814790595668571262e-03
2.731949985953521787e-01
7.064953066650414906e-03
1.518421685860465997e-01
4.426446071054275749e-04
3.919855698523014992e-02
1.770479761242954022e-03
1.201394694672463376e-02
2.600994056130202618e-03
2.162197115453812993e-03
5.592331491391112344e-04
7.609294860959001094e-02
8.075635486745696978e-02
3.116489440948850276e-01
3.327542439702645127e-02
8.674684480736162898e-03
4.446101641560989276e-03
1.530821322275755791e-01
9.374887046501299004e-01
6.552555595771003549e-02
3.730317614953763267e-02
2.121035187538954699e-03
8.712459583768865368e-03
3.932045674109121286e-02
1.588323989092776597e-02
2.230216216572127996e-03
6.189627914861871652e-04
2.492583183614179368e-02
3.703414186292370127e-04
3.603195446099682203e-02
7.956265693285308194e-02
1.087089952274241083e-03
9.731467019720654865e-02
9.707179442899244171e-02
4.375954352652289573e-04
5.145322929183979242e-04
8.416595359147131111e-03
2.239835206585224781e-01
2.073530245259523619e-02
6.426557889228952380e-02
7.263067968428048478e-03
8.142134151013863614e-04
4.694865191882472907e-03
2.958067020716729102e-03
9.558043671481626603e-04
1.407558119326510378e-02
7.808564491644615080e-01
2.154992088709624040e-02
6.608433327474833203e-03
5.038393616093023164e-01
2.725709331938635637e-03
1.211978919759224840e-04
8.308330998029326286e-01
1.712473058991960673e-01
1.040256055303288574e-01
2.093646408867618769e-01
1.108362578290156183e-04
8.779560860711660419e-03
5.956185938433430915e-03
1.311441673531888764e-02
8.402154678019916334e-01
7.253207738860346292e-05
9.616571582873387550e-03
8.664613319029096372e-02
2.016399450911754779e-02
2.290531972348464469e-05
8.642140779247747470e-03
8.435996008696231528e-04
6.620233070973373379e-02
1.621125714805754514e-02
2.128892375386869373e-01
1.184142671908687966e-01
5.261588508105572437e-01
9.493046758583894018e-01
2.702232831028960648e-03
8.000861898607793954e-01
1.956000837717109322e-02
7.334804571977781434e-03
1.169961042886712588e-03
3.236938764429308233e-04
3.393581390784807805e-01
1.324419373298230129e-04
1.221821056247150705e-01
1.127223606508595127e-01
2.026139987244084464e-02
2.903182289216355016e-01
5.102633466461061751e-01
1.044994357370748706e-03
1.780001868157621570e-01
2.132504354116619997e-04
1.483384863376536191e-05
2.151112239989732677e-03
8.294209026661159695e-03
1.295937461118162187e-02
1.438176811543716771e-03
3.594309198962918894e-01
2.442705546738609557e-03
9.739852330535503366e-01
1.404415095221766023e-03
7.708012899247376412e-03
1.015786670627873405e-03
5.926978162073943956e-03
5.117499901342165147e-04
4.119851233518971867e-01
4.252586243738706666e-04
5.474678912460563887e-03
8.521981475559234909e-01
8.446720967031821166e-04
5.197585669669321090e-03
1.456653707353940952e-01
1.114587464694659358e-01
1.191873096306772864e-02
3.085213667126480909e-05
3.466442518567715053e-04
2.947426838643673469e-02
2.764394246647518369e-04
6.339020617051775025e-03
2.029592753804015503e-03
1.690213899043706324e-03
2.045483578165115460e-03
2.359770125872517887e-03
1.123423729830536196e-03
3.874467979301172743e-04
8.565268925398188127e-02
2.637830193167182702e-01
2.759049822411997191e-04
8.405333930403280362e-01
1.224129956750919651e-01
2.266196404451851359e-02
9.352678324845469654e-03
1.010147328721126576e-03
3.952199420961586829e-01
1.671515473943118585e-02
6.352305924776161829e-03
8.867195940904357056e-04
8.106586734129785921e-01
1.210418341428173006e-01
4.034440261607013384e-02
3.229755488507791029e-03
1.111898366655082088e-05
2.798008200172872467e-02
3.091438428253354825e-03
1.328472599514171626e-03
2.789782891696635132e-03
1.066061172003248731e-04
2.416164826740814786e-01
3.081295134787161421e-03
6.512982416329141655e-01
1.333607190521101660e-01
2.392830073274735958e-01
2.559814204052097801e-03
3.072679351940255446e-02
8.276208476245654477e-01
4.042913346457456883e-03
1.841829064042953268e-02
8.770499892340405390e-01
2.774174697201721440e-02
2.306251037928141144e-04
1.865268669572839322e-01
1.688422707789065391e-02
4.434361062384477303e-02
1.167099229068413596e-01
3.166019201551303897e-02
3.032443256140752931e-04
1.265723899248847543e-03
1.650189643328940359e-01
6.450822583683364364e-01
6.472502723476424025e-02
6.111277752464318314e-03
3.512647094787037239e-02
5.263676687660499842e-03
1.900716989997040069e-03
2.369378138547244550e-01
9.676872106547221852e-01
5.124830979953051138e-04
1.344234018847743439e-04
3.070696855265003279e-03
8.589470261067155832e-03
6.462961919163128996e-03
3.078459655043506277e-04
5.165844933431692348e-02
4.292708528639750387e-01
9.604238478916811150e-01
1.010633884997293045e-03
1.515460232682693531e-01
2.218206718692453117e-04
2.479905653486276507e-02
4.738302159611836040e-02
1.267804450248506687e-01
8.712629331526676457e-02
6.216619804619178957e-01
1.282342334040048560e-03
7.086295271779375314e-03
1.527019187415067265e-02
4.102716118009680502e-01
1.989054960143111475e-04
9.341243579281819504e-03
1.368432172551261791e-05
2.121381010421605293e-03
3.380211715212441508e-03
3.286225816944964625e-03
1.838441098701538816e-03
3.514318139562399024e-01
1.254024300226488980e-05
5.756993394729378877e-02
5.362606445186061206e-04
3.590500822245180218e-02
9.341963587140556229e-04
2.253759975975367924e-01
2.550251138924229943e-01
5.411357486012402518e-01
1.088394637989250312e-03
8.324148612478095011e-01
5.195769150227139699e-01
5.449769413715506161e-01
5.328543894714940846e-03
7.012454930079786708e-01
2.490034334240001472e-03
6.881215191419020050e-01
3.109674684241308523e-02
3.459008606666336052e-03
2.629494083544413285e-06
4.658743891714508568e-03
3.984093365110458196e-02
6.133840038647571900e-03
3.928307823650318276e-01
1.240637979943948893e-01
1.573172539286970401e-02
1.330772566394295862e-03
8.863105666424757334e-02
8.137789932862150855e-02
2.525293307439176460e-01
2.133108918070741600e-01
1.868876029556316987e-01
4.246889066830029646e-01
1.352653596787638940e-03
1.049296050383826577e-03
5.000552915178999979e-04
6.903939402551004245e-02
6.597359014299059021e-01
1.192799589010206940e-01
3.151570813900085311e-01
1.359533841472796434e-01
4.282469811337642047e-04
5.062613344113739769e-03
1.987307247418634154e-02
6.798852477645772607e-01
1.874930029150806074e-02
5.753577633360857924e-01
1.156670900679916680e-02
4.052790556666962390e-02
1.084080705781474176e-02
3.068861555504360794e-01
4.725708600110484908e-02
9.785443000812354963e-02
3.210382605926925259e-01
2.120700844736421540e-03
6.160032898681992719e-02
5.268038385299170234e-03
9.675923658392710425e-05
3.745763822865851998e-04
1.631314878847765206e-03
5.555926680812053094e-04
3.719795390479873481e-02
8.555293435935995561e-02
2.258478911246579891e-03
5.568425820499373763e-02
3.000342100748557960e-03
6.450931435275467085e-02
4.420677513290518189e-03
1.356169145886074179e-01
3.871757116900727790e-03
9.996590918418365446e-01
2.160287278005643130e-03
3.934241178782431022e-04
1.397299830974525151e-03
7.146567454540718803e-03
9.823190703141717606e-01
1.080778842216555515e-03
2.781136904490063566e-01
1.005221524246180109e-01
3.916229112997980377e-01
1.559997330524122428e-01
1.812168123441087186e-01
1.998581990063610925e-01
9.617979793609982009e-02
2.322129657400641423e-02
3.933371584306960198e-03
2.622145549964412237e-02
1.479733695486719069e-01
1.341649482491556189e-01
1.295831222507958132e-03
6.358546548598932417e-03
1.153453311480215349e-02
1.739789080338497446e-05
6.277391187202102131e-03
2.239203940169529894e-01
9.902399009293500962e-03
3.591797125567551454e-03
1.010856008200215761e-01
2.635040956062010831e-01
8.960271561393223783e-02
1.870129451597569992e-01
2.331374550006953654e-04
1.252640151321478823e-01
3.961293065660336822e-03
4.967458072357944926e-02
1.223211742053709021e-02
6.167126608611547128e-02
7.855780827401158684e-01
2.400402416143415998e-03
9.001370392976030047e-03
2.977725116606995404e-03
5.737520187707113584e-01
3.157084336357039982e-04
1.769908452380373337e-03
1.650510277461155473e-01
9.073316727104573706e-04
9.352829681782012239e-01
4.070623387624637268e-01
1.867345037687318521e-01
1.072275359218760778e-02
7.297085223657359156e-03
3.452789465711900846e-02
4.158023562108255078e-01
6.683746101690250688e-05
1.942430570802077677e-02
4.536338685164689744e-02
7.706306878711466357e-02
6.356568657568693881e-03
1.430283478808196292e-02
3.814552055639897632e-01
5.006292595751075103e-01
1.943680837183844878e-01
2.693215955472970102e-01
7.738995191041896581e-05
3.441512914763043612e-04
2.389376067546162413e-02
3.363476097541314158e-01
3.720576682807636131e-03
9.213712053691623660e-02
1.423921667753308461e-03
1.393516851970175857e-03
1.477631610921229313e-02
2.402301459007792350e-01
3.482263644296050304e-03
3.773791202224939523e-02
1.376411792422711951e-02
1.419455614586860939e-02
8.534966694511140117e-05
4.917051832718636883e-01
9.767841730187296241e-04
2.849853782724469028e-02
2.584632397016680891e-02
1.806387880505412602e-01
1.157363534224051388e-01
2.286599974189399698e-01
5.765946687093401191e-02
9.162113261640963827e-04
1.804943719466324814e-01
3.980388888869165059e-02
4.714079260463839224e-03
8.950049774159034202e-05
2.245859406056039953e-01
5.873886449700747164e-02
1.307986426870015942e-02
1.279780062487162907e-03
2.034042678666407534e-04
6.833695170249782791e-01
6.255397737451353886e-04
1.826811890718554432e-04
4.415172339394816861e-05
2.544818417061121482e-02
2.478799480107825026e-01
4.297420256000794060e-03
7.941546832429119407e-01
1.918754489213996828e-01
3.271281696653439292e-02
3.468630610577686391e-03
8.659314500669945680e-02
4.913042357246658748e-02
1.780890536936155788e-01
4.352704792564010550e-02
1.883362894594719714e-02
6.956542148280479010e-01
1.558544236664458349e-01
1.418053123450300232e-04
1.227856309977964347e-03
1.818317034349102189e-03
6.346370515707951219e-04
7.803929677776488827e-02
5.402549861380433703e-06
1.671392015332015231e-03
7.045584783594927014e-02
7.150369598991153375e-02
9.655597287950034024e-01
3.625230662045288502e-04
3.121740947785968216e-03
1.243830340625915300e-03
2.715076039351317909e-05
4.407821814288433865e-02
9.592527131871747548e-02
3.548564381775607150e-04
9.867602894870597385e-01
8.072207085435870698e-04
4.980373802479183326e-04
1.613068814172236368e-02
9.953054900349274370e-02
8.880518921039110003e-03
3.512610653537428518e-01
2.956961031143947594e-01
3.221506352016388630e-02
1.391975385393033615e-03
1.324837418594483011e-03
8.075796878513531339e-04
2.613364041939098548e-01
1.106192873868469539e-03
2.157536240071739053e-02
3.861413698874048561e-02
6.923757974812752014e-01
4.213814632501072799e-01
1.221136735558373682e-02
1.913714863970359670e-01
2.608778346705623724e-02
9.116599241001716383e-03
8.323532241606778443e-04
6.713889934443084554e-04
2.061424816774373031e-03
4.955547358463839869e-01
9.806388426847892359e-02
7.402833981268257257e-02
4.110515270751515654e-02
4.632315431084802967e-03
3.710769633674247392e-01
3.821493839680468411e-03
1.312709396374685082e-02
2.295502073153871461e-03
1.199647919812932826e-04
2.119210691568015892e-02
1.806456478660664475e-05
1.160998412205482312e-03
2.756081540573077429e-02
2.875693137772068059e-02
5.331615003889832172e-02
9.792856687067591145e-04
3.070216910733682765e-04
7.902577729510888369e-03
2.914891488441879661e-02
7.133791426379708644e-01
8.379332805450178528e-03
1.479159211731363721e-02
2.243564892070293423e-04
4.203691409578105657e-03
1.292174439263863665e-04
1.924941069905520934e-03
4.512662163423312306e-02
3.699458066553729801e-02
2.634209529670790140e-01
5.376845646533756629e-01
1.280665210621457399e-03
2.669033714524562690e-03
1.475503236603255552e-01
6.074878072003519341e-02
7.000385898549603240e-03
4.168920134386692642e-04
5.241959093428732227e-04
5.010452477880756109e-03
1.260333536452802779e-02
1.350062630151525889e-02
7.249653101762369711e-02
8.068835522926095516e-01
5.057328033029127035e-01
5.031953500212565239e-02
2.269272146573866888e-02
7.226615724395002438e-02
3.861929813076112550e-06
4.043951867017488988e-01
9.528870923880243815e-01
9.127753251169792303e-01
1.513681463424894624e-01
2.013457179075354118e-04
6.848139383194049891e-03
2.545529520745560409e-02
5.180117648273083360e-03
4.122586873076396034e-04
1.657476676083177725e-01
1.935479403472836670e-03
4.970278198362202381e-03
2.036586812774631577e-02
4.639060679219794529e-03
2.838425186467943839e-02
6.580324000182538905e-04
1.380947385341257660e-01
1.016710226588621487e-02
5.424032094251961776e-03
6.103771995088286273e-01
9.011464245264363404e-01
6.620388434344340323e-02
4.455481094301730338e-03
6.723373307647832753e-02
5.886233656823582603e-05
6.213908603191341529e-01
1.285315611665047587e-03
1.454815994949047731e-01
5.209896864434494512e-01
8.415382999971084965e-01
3.288440671947763603e-03
6.292580369955744768e-01
8.495008300124375078e-03
5.041788226164569233e-04
2.442875714865817144e-02
4.353813774851947251e-04
2.478165589675392633e-01
1.989551175909516872e-05
1.994539518737985489e-04
1.685845274579226053e-04
3.881932820861685529e-04
1.883710511495552105e-03
1.021792782759123192e-01
3.954599038820848234e-02
2.178041743972390920e-01
1.772079029308233286e-02
9.173360497865215013e-01
7.581087626817047120e-02
8.939398541439177656e-04
7.212848860458714265e-04
2.470833628902462109e-01
1.086855883063927986e-04
6.367038372157054517e-03
1.682287320741490634e-03
4.272364482521078498e-04
2.196840649206199536e-01
3.164630281021037152e-04
3.235432588131403886e-01
1.571576806806538051e-01
5.866787578441151792e-03
9.258781634700995319e-04
1.424707231101695337e-01
2.796438285246913291e-01
1.927213245433588920e-02
5.417212334289901732e-02
1.407921568250213029e-02
2.128163703036201060e-03
4.643405343946023327e-03
6.133016749838417301e-04
3.858112501058586635e-02
1.177016359551289005e-05
1.439909303244676919e-02
1.875276882727814015e-04
5.697381160905181166e-03
9.350990398733654008e-01
3.600799027573624994e-02
8.135458857819915721e-03
3.620615585317627796e-04
5.909451935147100841e-03
5.416819237561130290e-02
1.841701635870379630e-03
1.910853145020834781e-02
1.217333352531098367e-01
1.793528949798160060e-04
5.937512851477821929e-02
3.071800036584151905e-01
9.968395581010915940e-01
9.304080056244498076e-01
9.901744830686591836e-01
9.870293364689530780e-01
9.904951424754966371e-01
4.723488046323094380e-01
8.342263220626399134e-01
9.004737349961244863e-01
9.970124271631310986e-01
2.989979159106379569e-01
9.629122084411179117e-01
9.614825260531031370e-01
3.628402528492523649e-01
9.973047056399750865e-01
9.813122363603985487e-01
2.646731329661446419e-01
9.863159832107716296e-01
9.551952235138030378e-01
9.701345755777643909e-01
9.590548187348940656e-01
8.595613398216590539e-01
9.993487192609120662e-01
9.909794459020144775e-01
5.678828725388184173e-01
9.838111887744759310e-01
9.682094753681129706e-01
9.197758853046903438e-01
9.582633602003787221e-01
9.892639770895350626e-01
9.076509463685750179e-01
7.973351202898856238e-01
9.845155988366989241e-01
5.866751502214770930e-01
9.948690403604959487e-01
9.995991394570356015e-01
6.624173422827022151e-01
9.950416168902438407e-01
6.646262736438958152e-01
9.720280588341898564e-01
7.538460647491895816e-01
9.347762899064782083e-01
2.994197038966865954e-01
8.479928653662653915e-01
9.763863609995104831e-01
4.859931987666911146e-01
9.474150733461703666e-01
9.493537747902737189e-01
9.513489749702873643e-01
9.978432100635922231e-01
9.984529264626971212e-01
9.757430852046858893e-01
8.565546817773070920e-01
7.105109461502751023e-01
9.930460516546261163e-01
8.791071733921410614e-01
9.713664504064313254e-01
8.176010181585987580e-01
7.790375466845845809e-01
9.990520476527291471e-01
9.256026103980172781e-01
9.910123390626591755e-01
9.890303490490434113e-01
9.969552070073974814e-01
6.334068761065086983e-01
8.277700388229225492e-01
7.731017484670305029e-01
2.583820959316050492e-01
7.267805350629847894e-01
9.521073154233181679e-01
8.753268870550469094e-01
6.132871693902306465e-01
8.680952760960626291e-01
9.537590838787780578e-01
6.291573684665728861e-01
5.962575165049497361e-01
9.975977633764098185e-01
9.201522341276906491e-01
9.943757701667276239e-01
9.471117232845651657e-01
9.995617430521844815e-01
7.863692850996339967e-01
9.797380778882591734e-01
9.607438590861169248e-01
9.797190067638799071e-01
8.810783649553649566e-01
9.447598374049299697e-01
6.017689160235457635e-01
9.328466566741100419e-01
2.644472785606661880e-01
9.452352606711235117e-01
7.765968295659712028e-01
3.362349536213510848e-01
9.928071091437797868e-01
7.975316346482099750e-01
8.741231604832733204e-01
9.460332393605463963e-01
9.020218635146827202e-01
9.480798656838307359e-01
9.940821221859306167e-01
9.574903734552354662e-01
