5.086070963426434638e-02
1.994222951481793293e-01
3.897097926920407851e-02
1.110477229888359035e-02
1.283651219978872333e-02
4.266440502244874845e-03
1.235455335640287151e-03
5.410381735374478022e-03
3.156948810189991617e-03
5.463660849644214751e-02
1.739894964529274321e-02
3.156523615582195949e-03
4.689518624653882251e-02
4.159382638887737516e-01
8.393195966755332901e-03
1.560831121181045170e-03
4.152483189456639134e-02
1.028937550996859770e-04
1.088977207659780084e-03
5.723037577576280815e-02
6.889671223854648390e-06
2.588124736739542617e-02
3.684838838599313864e-04
2.611943347172679310e-03
1.772461254914389534e-04
3.146801839263321798e-02
4.993069515582887951e-04
7.834249877225713671e-03
6.786834297650246733e-03
4.543265966211735424e-02
8.892591079568321587e-04
1.884706685972567476e-03
4.881345280217926769e-02
5.405830356695936058e-05
7.004545880837818525e-04
9.946126676776524211e-05
6.498035494909627265e-03
1.343719691558687424e-01
3.800180320635118507e-03
1.736768305908998125e-02
7.906375659050697904e-03
1.864901692993424878e-04
8.190193685601638738e-04
1.642034102718628250e-02
7.809699138280943144e-04
7.552087809422817046e-04
6.893436171701798620e-02
1.373840838152373981e-03
3.047116665443321427e-04
2.734549829181090463e-02
4.444530682735937099e-01
7.350406682605183616e-03
7.886207994337291437e-04
2.046255058844957120e-01
7.996457647923711776e-02
9.429487166844644722e-04
6.103523165461382030e-03
5.692258092163167242e-03
1.278229469400058837e-04
3.106721734270499226e-03
5.231616538979998486e-05
8.518984222401629943e-04
1.412790940642443850e-03
1.773157792544022282e-02
1.490964176798184495e-04
1.544131685795043230e-01
2.553907723462919355e-04
9.046242605099490391e-04
3.961914525465765058e-03
3.233546505292298791e-03
2.420662986908284336e-03
1.259089264535474817e-02
5.396852740215735871e-04
2.993473983929007681e-02
8.990954986015628481e-02
2.128599319045677038e-04
2.524657439128045696e-04
1.841602107628685279e-04
2.253261404177539420e-03
4.471192521521402674e-02
4.705803567848692581e-01
2.169734762415377605e-02
8.343496370440334816e-05
6.371765836080821484e-04
5.098537535641680009e-05
1.182386504423062245e-03
2.674965318905740685e-02
1.839706971999623564e-04
1.533905108069442188e-03
6.353027292988656797e-04
5.126167152885176270e-02
8.809747127941970624e-02
1.877052951645088346e-04
8.040576062696640864e-04
6.805290155135658159e-01
1.262754499004441755e-01
2.614149723222936039e-04
4.468412418819999246e-03
4.100064797140619624e-04
3.299388455149358107e-02
1.332199529899274256e-03
2.235138890442870882e-02
5.306573163040145813e-02
2.193537696834656128e-03
5.698021652834573889e-03
8.896708713409779519e-04
1.385274409228160397e-03
1.444771217299318860e-04
1.148422737833627687e-02
6.816260154867099597e-04
9.528432381097561368e-03
6.645115535724123641e-05
6.417848505639974421e-04
2.925723678771083042e-03
1.819166037854219329e-05
1.615661067807527395e-03
3.615487528266517203e-02
6.712390183262712308e-06
3.055626539549464223e-03
1.164453263892728380e-01
9.077623809270661493e-05
5.542724362797089421e-04
1.061606135295069730e-03
2.534130300837543481e-02
1.823506523202848839e-02
1.495704067606504033e-02
8.654971430964806395e-03
9.587977373221598376e-02
4.626241346353704735e-04
5.713785132332498129e-03
1.605090170582147355e-03
1.770537202686050648e-03
2.071125075010398775e-01
4.723004680902942801e-03
8.225422420475728483e-04
1.443928535877736161e-02
2.561151421375019738e-04
5.202524494152981592e-03
3.268946256036208868e-05
3.884179435421709946e-04
3.263809970893291005e-04
1.347694866734809940e-02
5.153030578356551303e-03
2.619468698436739230e-03
2.471722210332363487e-04
1.494087193652579170e-04
1.521963693028178773e-03
3.779281649991121476e-03
4.139927020061194844e-04
8.020190018901704812e-03
8.331739616627449954e-03
2.062704904721125317e-05
5.229327620326146763e-04
4.411111936738890994e-05
2.491591516075713497e-01
2.049904890045254127e-02
1.988681483156510416e-03
6.432732895341810667e-06
1.478322595913801607e-03
1.256169038407084059e-03
1.258366403449709681e-01
3.728992742704389293e-04
7.230850134779867047e-05
6.605273387717941133e-03
1.139458646332828931e-03
3.830319749035164256e-01
7.439046947576611083e-04
1.110771967699636983e-03
1.248397165338878115e-05
3.493259728522248031e-03
3.570819624693716710e-03
3.348964638855567253e-03
1.712103741945018021e-01
1.960841994196311708e-03
1.296428905133749088e-01
8.698607321899944067e-02
1.038520894276940693e-01
2.449654910662268578e-02
3.048689795841736869e-02
4.273631268077423932e-03
4.900065364631168464e-03
1.922072045122887735e-02
1.379846203503844702e-02
1.963241502720275682e-03
1.689076718003471311e-01
6.639388005501695427e-04
1.128602632840504589e-04
1.432044315739489961e-02
8.456459734023724986e-04
1.610413194837905350e-03
4.994529593279288239e-05
1.995475071361394251e-03
6.793730845877118778e-04
2.307637886413247839e-04
6.753714848221721578e-02
8.580037285689183079e-05
4.757939236224985411e-04
7.034426086114664578e-02
1.250545140508099451e-01
2.227515419698215815e-02
1.253838232738438072e-02
6.242815676033058175e-03
2.740027013374069995e-03
1.515479055697321019e-02
7.715758706695249707e-03
5.644590756931334996e-02
7.829079333196217738e-02
3.171245347485422694e-02
7.215392329364538407e-03
4.907742625211168955e-03
6.559086098761104109e-04
5.086406637051424763e-05
5.319983517667558476e-03
2.985917881797060108e-02
1.958101722145899615e-02
9.022975843028304202e-03
8.701562983266774784e-03
1.188683651390099036e-03
1.296612463578720271e-03
1.127055016692780909e-01
4.640546932431001935e-03
1.987825391441176270e-03
5.009494279755814621e-03
3.467887792757669090e-04
6.062849889678969401e-02
5.122754474023184790e-02
4.616816652587339698e-02
2.783389597971960838e-03
2.158589263780387544e-03
1.892796906535853521e-03
3.156445770324052547e-02
1.503117614551492676e-02
4.140163829698342672e-03
5.694390261653192731e-03
3.411150571538140719e-02
2.671289211677321373e-03
7.388771759665810866e-03
4.006718388226072208e-02
1.112330576466269254e-02
5.390374712026795050e-05
1.454707444828184058e-02
8.041819116224018654e-03
1.804702505513076753e-03
5.548616568919406515e-03
1.398138887532118964e-02
8.392882507718358864e-01
1.881825820769839411e-02
5.372552473919680466e-02
2.850993039339485419e-02
1.452258718613554447e-02
8.081315668261741456e-03
1.434574036961206167e-01
2.210007390135763320e-04
2.634182806160613303e-04
1.774896519618562570e-03
1.019876510885317847e-02
1.873269627078156044e-02
4.732112903298038922e-03
2.710495282597270177e-04
1.574099290195326794e-05
4.275868581650581375e-03
1.195137460017445426e-02
8.707178932022118379e-05
5.074819710626816277e-02
1.871539301460590360e-02
2.077777196480248140e-03
3.891072314147691019e-04
9.041103281617364484e-02
2.176470616749935638e-02
1.782319884855333193e-03
9.850060982179347294e-03
1.565464544526807243e-03
9.306449882275787643e-04
4.125759386298239600e-03
9.418739330412092626e-04
7.042042756107541254e-03
1.078412058547977871e-02
9.620967229669821763e-02
1.311345137475159086e-05
1.503848683860690809e-02
1.189636441747509987e-01
1.685298441778739290e-02
9.175940500150973206e-03
8.813108420639681126e-03
1.359482220387486263e-02
6.456751087173747978e-04
2.013759496581336017e-01
1.944395311723080486e-02
2.599053882038255409e-02
2.367511629380187818e-03
2.187865188523138444e-04
3.621143334659998993e-04
2.008179412639571337e-02
3.631171949008775521e-03
3.373919886673964336e-02
7.121313808699902663e-05
5.334316944740744026e-02
1.199175129256470893e-04
1.975091863489724167e-03
1.813039206952251573e-03
1.979395700147627141e-02
9.472428479349667696e-02
1.013947116708649107e-03
4.412822187541366389e-03
9.665584042357184234e-04
7.142186059799044643e-05
1.293153152713598895e-02
3.327560276280902042e-03
2.216714160186688837e-03
6.919731849174420597e-04
3.716636180025967989e-02
1.663194539008304191e-04
1.841156784568927923e-02
1.992265648889189958e-02
3.339199291406476936e-05
3.050530404898047897e-03
4.014869722889406051e-02
1.388827352672120704e-03
1.431015759633729332e-05
5.123783908608276101e-04
7.918878732861721684e-03
5.874812512843581710e-04
1.414704669280267557e-01
8.131593815836778887e-04
5.441972834362466920e-03
5.147732816337436366e-03
3.483653969487929790e-03
9.555004038460601049e-05
2.502450420542051083e-03
3.363850806712604530e-02
2.745583960847031071e-03
2.729328835103603398e-04
1.437360126859754499e-02
1.627979273574201643e-04
2.192897150822624083e-02
9.308711522640435165e-02
1.545613950899376806e-04
4.246956955754360068e-05
1.695711891778175218e-01
1.139825550881742172e-01
2.396810716289915475e-05
3.309982906782057261e-04
3.305673181565862984e-02
1.574386208222250090e-03
7.043047832212337434e-02
4.548099725805195698e-02
8.778122722984726956e-02
1.098768498599321797e-01
8.491100513895095958e-02
1.520249079545813245e-02
1.221060426047925233e-04
2.877060506187086725e-02
6.359769684615774370e-05
5.129513282104049797e-03
6.454495915862029642e-01
1.238791244153358145e-02
3.943873005485227234e-01
5.851200648171800932e-03
1.548702794889019602e-02
5.018015951541360793e-06
2.415777822696287547e-05
5.169801569343038944e-02
8.551116806267575754e-01
1.770422748747368380e-01
6.034503291166500071e-04
2.106147345531023173e-04
3.288615682347125467e-04
4.722182835018264024e-02
7.288668674261204738e-02
3.897005441811932569e-04
4.261156202721395198e-02
4.166042999732053227e-03
2.726392940750567151e-01
1.461316889379238136e-05
8.979196513442062790e-04
1.058620181764461987e-04
3.017374895229971155e-02
8.806035113915599427e-03
1.734991863001631275e-03
9.612989313886831366e-02
3.038341886681040355e-02
3.318016515196544735e-04
4.250571783132735260e-02
2.384993827940192282e-03
5.285486248153733330e-02
9.588678359057871692e-01
1.749630711329893708e-03
3.176445570259069096e-04
2.190707368875824124e-01
6.079113104024853609e-01
1.366525094664861831e-03
3.460795916458918428e-04
1.486960623249278593e-02
2.445481065100419630e-03
6.890230261690277530e-04
5.926521836141177696e-02
4.069445609070744888e-03
7.831529343363957327e-03
7.270887983879857977e-03
9.850360216415447040e-03
6.557397744699461350e-02
5.179266996626242375e-02
8.585634613813216700e-05
4.454771995820944533e-04
1.385011005329412324e-04
1.842994659343644148e-02
1.628835964388424332e-02
3.466216245922899061e-03
5.094875247002876584e-02
3.474664429283323003e-02
1.778869703980445966e-03
9.298445053084395187e-03
9.524813853529810748e-02
9.818510390073879792e-04
1.078440899254041628e-03
1.495936613178478619e-02
5.129828185366983734e-02
1.125467117838854997e-03
5.142939951673332170e-03
8.873801148830866639e-04
1.002645508065881479e-02
5.133988105805228214e-04
2.696577977110800606e-03
1.237196058384752522e-04
5.100013601708220387e-04
5.697572121504332343e-04
9.918165855840523071e-03
2.141370648475310855e-03
1.800665123559310691e-03
3.000661485457180588e-01
5.640855974493551583e-01
7.753304965812670216e-03
1.132747678691852659e-05
4.775737130348086008e-03
6.037018463091845151e-03
4.323608144307623737e-04
4.606741685143167161e-03
1.174494604677119441e-01
6.279880801074888986e-04
1.675298774325015283e-02
4.287042459908035723e-03
3.333106702026366469e-02
1.046215629005360924e-04
7.734273766901285374e-03
7.711715101506317737e-04
3.406756526602620818e-03
5.128034394717226200e-04
6.317232870347092022e-04
2.831842453108941748e-04
1.851992911128432645e-02
1.972286550983436484e-02
6.796207090261213724e-02
1.284625261356791247e-02
3.095685232736063858e-03
1.392627288737430680e-03
2.517210559649746618e-02
6.386885946957528981e-01
3.250500979418864678e-02
9.649128399914806004e-03
8.439724336968654379e-04
1.484695877923001726e-03
6.098125814367569286e-03
2.869113505935931129e-03
7.213750313802848833e-04
5.288173522200092375e-04
5.402914315322812112e-03
1.431189841625284034e-04
8.720125138029553510e-03
1.489828873252822990e-02
3.743223449155636787e-04
2.420283651776884010e-02
2.188413739652510237e-02
2.445849548965609130e-04
1.280765028799342258e-04
2.225379251250627927e-03
3.206896751615603836e-02
5.256504559061910865e-03
1.536238836121712678e-02
1.119795203180091927e-03
2.569492670586106544e-04
7.544693371788668747e-04
3.296770869162984397e-04
2.500129265650512787e-04
4.369359761886511088e-03
2.590457027202806017e-01
2.909031162420575110e-03
3.328614744467088809e-03
6.071673353718927413e-02
7.333817822636687356e-04
4.181201403859104176e-05
2.406205624336567594e-01
1.849985771524418135e-02
2.379838486581387080e-02
3.637844239619052872e-02
4.649747119956532012e-05
2.828156303114249051e-03
2.631586912435343421e-03
8.090383565607331406e-03
2.227533750953991643e-01
4.532099073228885782e-05
1.591891183515385623e-03
1.852477204610956940e-02
5.264332679435714327e-03
2.871898530622471750e-05
1.923156218456782045e-03
1.733113623384364033e-04
1.013639483259610834e-02
2.190008836001228112e-03
2.126499641963975826e-02
3.211105378502303320e-02
9.580316131446280081e-02
3.486922451929467814e-01
1.345519111073670976e-03
1.969156242738295537e-01
2.602524588481324157e-03
1.759423631913071542e-03
4.663819725916235363e-04
1.031464301633119580e-04
8.619141489552532842e-02
9.575910458884340714e-05
1.302058182371895745e-02
1.840777816918547083e-02
6.071301394202669940e-03
7.906818568255136181e-02
6.005984569070273171e-02
2.463186154353515342e-04
2.264326667771772439e-02
9.509165286939460181e-05
1.115973683931925474e-05
6.147509396194186836e-04
1.527501204550030462e-03
1.055240111101506941e-03
3.860991105546193237e-04
6.004749841331658705e-02
6.068245820748335937e-04
6.594883203381286529e-01
5.369221666039815941e-04
2.960295443890823778e-03
4.141591691312177556e-04
8.048137613331266763e-04
3.811582908730212923e-04
9.143271362102885214e-02
5.046046860433429796e-04
2.649963262823785710e-03
3.168942870881958918e-01
9.005273963133229040e-04
7.242778560632548478e-04
1.637338650222703446e-02
1.598470228155586190e-02
1.527682670605783185e-03
3.455440779394533502e-05
3.654933702310208545e-04
4.982361835301780256e-03
1.905146255331559800e-04
1.649894702926002835e-03
6.909818068892320964e-04
7.465354085538906904e-04
3.686443474819399262e-04
4.004415704674116143e-04
3.112455024041437110e-04
1.478145410288791322e-04
9.128180306642953712e-03
2.344445401284394812e-02
1.565838658017400502e-04
3.132933681262969339e-01
2.116277711587171220e-02
2.955990558697207775e-03
2.955466591994207470e-03
4.159225167491736636e-04
2.999537331056188402e-02
1.538891883916076965e-03
1.808518223857452601e-03
3.407581233874826102e-04
3.372980084124530542e-01
9.281986070808011247e-03
6.644778302343202180e-03
9.606530115976806127e-04
9.670255454979015885e-06
7.461035784579244864e-03
8.677396478573297075e-04
1.779295644471967294e-04
1.531223971856792918e-03
5.976681093006234812e-05
5.134882747338338771e-02
1.320219970929984278e-03
1.509788697025692961e-01
1.289848568027147577e-02
4.297665278713777570e-02
9.786050709438237453e-04
5.065436226602068256e-03
3.025397415311196769e-01
1.131565068174115616e-03
4.806031735890944206e-03
3.465295697192239954e-01
7.509931889513602604e-03
9.588333374361101137e-05
2.498470226896858451e-02
4.476326962328880735e-03
8.232743332892191943e-03
1.914172763079896936e-02
1.041344215402384768e-02
1.244081813533800456e-04
4.633877570950330422e-04
2.295701118157287418e-02
2.320635427538518814e-01
1.608492547235441592e-02
1.468653838590357631e-03
4.414570934852922977e-03
8.524233770533470346e-04
4.316120718842246474e-04
5.456655802164137731e-02
6.424747705929880759e-01
1.431196255783777653e-04
1.645022930091372083e-04
6.891578912199198322e-04
2.850250453898549308e-03
1.502345268704712326e-03
2.392658172474664577e-04
7.245313080800260333e-03
7.877065909586232484e-02
4.938314992493199052e-01
2.238659916850862478e-04
2.885367020140805483e-02
1.428141352240936465e-04
4.469993419064322536e-03
9.555504253730548112e-03
1.119058787239721707e-02
1.407907141860353754e-02
1.718262283037397253e-01
2.343204363028293072e-04
1.485971160921361516e-03
7.807646606117609779e-03
1.765461500017957985e-01
1.515087695446514860e-04
5.226324999304221910e-03
1.439210024138600663e-05
7.880389651044756314e-04
1.470337544183023676e-03
1.654490628248143826e-03
7.480736699312317238e-04
4.547404827743664613e-02
1.366943982955204557e-05
2.126237098726671201e-02
3.277171013605349758e-04
9.282558715639533525e-03
2.986536491104327916e-04
2.036648775182774151e-02
3.089923416307377435e-02
1.350136492737686877e-01
4.241151014329944645e-04
1.995554891166974321e-01
1.122488738005151948e-01
1.906597677187053808e-01
2.995776534600955859e-03
1.394528015928753473e-01
6.985881362041303179e-04
1.704464450137574971e-01
5.016862133952334872e-03
1.157334985746276803e-03
3.902709843315252267e-06
1.265793761630720814e-03
9.308092584813887002e-03
2.083040319182343295e-03
6.035628057051627138e-02
1.607622475303728884e-02
4.736653927548863628e-03
9.136255439842008328e-04
2.358066469130876489e-02
1.182467550444008322e-02
4.350122299064881903e-02
2.838185743698921903e-02
7.984168607848882160e-03
5.044813036329722639e-02
9.719882504208467297e-04
3.730190591468974907e-04
2.023737169940477605e-04
1.830777430329396174e-02
9.807444014577601510e-02
1.819345884426283588e-02
4.027568099888775149e-02
3.869180811710631190e-02
1.613137492177327812e-04
1.341623913467887173e-03
4.861295889231218893e-03
1.956543575114824962e-01
9.430500988633922638e-03
1.347564747646011196e-01
2.448301179970806870e-03
5.339891810832895006e-03
4.960804652680867767e-03
2.199812541721273343e-02
8.136498736349469935e-03
9.756390987491805541e-03
6.138873720825543251e-02
2.846683407041879178e-04
1.180289984971896744e-02
1.485502733819126430e-03
6.177205895841953094e-05
1.951774141085833533e-04
9.169459872078375689e-04
1.581577632671898729e-04
4.157470676114637283e-03
2.108161954885516554e-02
1.558664953479288115e-03
1.083795486654785638e-02
9.128185741185206557e-04
6.796576583706633728e-03
1.134534949443304118e-03
4.521337819089134985e-02
7.357217994703284247e-04
9.862389152681294568e-01
7.017753971703054013e-04
1.543016899218249639e-04
4.688332624940477538e-04
3.908916747617685768e-03
6.172681290218129391e-01
1.214107415522035910e-03
1.878901578561014210e-02
1.731243981708696991e-02
3.906585105352474580e-02
1.283354873510365521e-02
2.646649889447395473e-02
1.782236725463728216e-02
1.286108072926105128e-02
6.035566105201266122e-03
2.861044865229108499e-04
9.362785126268440353e-03
3.017692889672192805e-02
1.291420778616043583e-02
4.250061240653945304e-04
8.117037845736476851e-04
2.039339423766514323e-03
1.448238623096043356e-05
1.755110587346114066e-03
3.047831905987417531e-02
3.588143405681486469e-03
5.436345200623285759e-04
1.825471608984751554e-02
6.052258589163979352e-02
3.841971936001670890e-02
3.781709508746299714e-02
6.301577917004568246e-05
1.551951557099915703e-02
1.262718714204970252e-03
1.518460000760861288e-02
2.159573953468676109e-03
8.952515206422883426e-03
9.994009484935018062e-02
1.287085562052758163e-03
1.487065087843594466e-03
1.820829899989470473e-03
1.528315026824361988e-01
1.046641919441448497e-04
3.494603500465776665e-04
2.475429978315967644e-02
2.927015223164902182e-04
4.845548323210793762e-01
6.700124149036203181e-02
2.458443264945655085e-02
1.063807260446244162e-03
1.361261572908109086e-03
8.226251221384121501e-03
4.659494816851787041e-02
6.104639795669487140e-05
3.671928451519207957e-03
3.148885119339001493e-03
3.561524085291988256e-03
1.949284595654134870e-03
1.187508961594230250e-02
5.679327611560543165e-02
7.782154364197545193e-02
2.397392645589419696e-02
4.501341284240895080e-02
3.114463476141970157e-05
2.539802159694342352e-04
6.829786608160056186e-03
2.910981781815616051e-02
1.402762748810724470e-03
1.263418437088950456e-02
6.080108008495704441e-04
4.094514653344892238e-04
2.317620364343142732e-03
3.776674762970366056e-02
1.747761594430043619e-03
7.222920074296018851e-03
4.741662141293344866e-03
3.707823626137815055e-03
4.620667843662026891e-05
1.153921706038711914e-01
5.773844376431456950e-04
8.862311981326476129e-03
6.962423525393483630e-03
2.016761162140414884e-02
2.585405496850554444e-02
8.798249882954127521e-02
8.926963035481723027e-03
3.172600390378300245e-04
2.315978196954894194e-02
1.161420658678375024e-02
9.087150232577719455e-04
3.779489166782166852e-05
2.543990438510049593e-02
6.349856085831233690e-03
6.367680326496213440e-03
5.143008674617724225e-04
1.268663490472893372e-04
1.548087215430602737e-01
2.787773814062202639e-04
3.031824847308943108e-05
7.601861859517978939e-05
4.514675226841164887e-03
2.933207848610775922e-02
3.261719772265763654e-03
2.701691210697135248e-01
3.882848190767304586e-02
4.246504640235480854e-03
1.056684053897489128e-03
1.207448654239703933e-02
7.971933837738554365e-03
4.934391639422510550e-02
7.671145226419213113e-03
4.908323316461461229e-03
1.819401933136952920e-01
2.395001992692104287e-02
5.328984219566070175e-05
8.997791740855943209e-04
3.639415673057560326e-04
4.642582013956728700e-04
3.035273064556187617e-02
6.626863136430586793e-06
4.321220979340771964e-04
6.576111424895962967e-03
1.290953931993320432e-02
5.771028548236518674e-01
1.274071912468702640e-04
7.414995753048094981e-04
2.344512413622949190e-04
1.481409162632764174e-05
1.364140568112077317e-02
2.368022393325511232e-02
1.717260402525194458e-04
7.752783571229764359e-01
1.933933050330145093e-04
1.253456507492946607e-04
8.019766169864460392e-03
2.310546795282580196e-02
1.865689474048273962e-03
2.667643565341721104e-02
5.460433560790138585e-02
6.833514024743166451e-03
2.496658603925101566e-04
6.387036958996998581e-04
3.899790132702774968e-04
2.970867746125574124e-02
3.753845571436001719e-04
4.165262256919008074e-03
5.975482310964955017e-03
1.040522743620871243e-01
6.207896251274481331e-02
5.924333117075320301e-03
3.032854994985766453e-02
5.733589350793047261e-03
4.243104309364378879e-03
3.958191652599127959e-04
1.768877290199954695e-04
5.088363130305235179e-04
9.404312191142831512e-02
2.358516842624044582e-02
1.036788103383590176e-02
6.633659365617116527e-03
1.079734891919961444e-03
3.708060555120729768e-02
2.986456942518891673e-03
1.639774074863069612e-03
7.583581725721153357e-04
5.007081039892336238e-05
5.853124940046327586e-03
4.193498642341938928e-05
9.722043215682238219e-04
2.653387294108016260e-03
3.567007271086299752e-03
1.215999134215827067e-02
7.688063693531254749e-04
1.966059472380018004e-04
1.462567660392113077e-03
8.549011921123944938e-03
1.495033680178448898e-01
1.743382542951023902e-03
2.086807487507000899e-03
1.102535062808847452e-04
7.488147026538974045e-04
6.713097818568166818e-05
1.276419532206218323e-03
4.322882950978611943e-03
9.406930054512300035e-03
4.883926099767706142e-02
1.394184708577505816e-01
3.760137455252884962e-04
6.984659140632364527e-04
1.831341970120436979e-02
9.093224332083125333e-03
2.233749836273491579e-03
1.992347761882184726e-04
5.824086131633140389e-04
7.971941175602099234e-04
1.417939091461991848e-03
1.394303458499094326e-03
1.311067436512385227e-02
2.299259219443517133e-01
8.046136723568944604e-02
1.753486907141709253e-02
5.490325035183977152e-03
1.737919761136224109e-02
6.629205419803411021e-06
3.008939756022093945e-02
5.309372185980194558e-01
3.059100288160489511e-01
2.282551117362105128e-02
1.235705312601260172e-04
6.939040113379840074e-04
4.657167752233654090e-03
6.315528372517071600e-04
1.142487680484236153e-04
2.324687108488568063e-02
5.475515139329552913e-04
2.144740119365274190e-03
4.509155443888902132e-03
7.505716603309280739e-04
4.885344274192629337e-03
1.570275284514538060e-04
1.399759429033014396e-02
5.064999501250471402e-03
9.595387209161250963e-04
1.000003353752765001e-01
4.553170926365861515e-01
1.793873523195089678e-02
1.468698154571499966e-03
6.029226881319460496e-03
8.973274992205124319e-05
8.742280452259992840e-02
6.339629911814208610e-04
2.431095586200687081e-02
1.356475508513876882e-01
2.394839174173932494e-01
1.175839418587921407e-03
1.999098126700324940e-01
1.879234437346257326e-03
2.257196835398240110e-04
4.541027351163054795e-03
1.134212133789289708e-04
9.413149070880089120e-02
1.814541734903288276e-05
1.000766752890397019e-04
1.291040852214086544e-04
2.222406190052719397e-04
7.608319831041256750e-04
1.448713453344286153e-02
6.319695470676339223e-03
2.133590563210285146e-02
5.903945763524607974e-03
2.984242303984183109e-01
1.090779203587214502e-02
1.480797321558810779e-04
2.369471701147406195e-04
4.883241063984962438e-02
7.601575567063173771e-05
4.338729392661715145e-03
5.787851577597452179e-04
2.910541082965836237e-04
2.789827585620765354e-02
2.485461538539609724e-04
3.584693633579444372e-02
4.948653369461397666e-02
4.010972084860587976e-03
5.190036220911525486e-04
2.032414381470922654e-02
3.747753414099613822e-02
4.801421272361193655e-03
2.906356962685416323e-02
6.180425496547089712e-03
4.851148647521350021e-04
1.396534178589464454e-03
3.253551600022114494e-04
1.136505143578341384e-02
1.385674780090430127e-05
3.875398296668655738e-03
9.036342515846975212e-05
7.866495884577452561e-04
3.967804111826450653e-01
1.248983139546145336e-02
2.623200030642483353e-03
1.716385154275974930e-04
1.415903333666580733e-03
8.631625800287163336e-03
1.138292509956793539e-03
3.410686515322583663e-03
9.365467603248142994e-03
1.396360321841035295e-04
1.363679711458937356e-02
2.878968998609442512e-02
9.553566763892914482e-01
5.241474683630796827e-01
8.903483115188106645e-01
8.353002547976380310e-01
8.670707160322644880e-01
6.052298880373470358e-02
3.099448488021477877e-01
3.483362894945252752e-01
9.565342986844526108e-01
3.885932040991313396e-02
6.553724053875675803e-01
5.978129946322520150e-01
4.465584653106890317e-02
9.651142515031544411e-01
8.467511042381373754e-01
2.745848197004939137e-02
8.246597280386627205e-01
6.705831507672069813e-01
7.586874763541442412e-01
6.246349813181405475e-01
3.262250081892419384e-01
9.872531279313913055e-01
8.927637624718111065e-01
9.096136091036279014e-02
7.861906187496660037e-01
6.603972402164818289e-01
4.868623338773186426e-01
6.446891007541579732e-01
8.842675948293017285e-01
4.171337859865139053e-01
2.085086300314175356e-01
7.987355005034867395e-01
1.195570717845554354e-01
9.250429286883815605e-01
9.924941093073933462e-01
1.562291496366960408e-01
9.306346129615837848e-01
1.382853047233346677e-01
7.604536987175014584e-01
2.423467037299745497e-01
5.525541087875640578e-01
4.223781970291317495e-02
3.271112111408076006e-01
7.969189350577222664e-01
9.103455235466484385e-02
5.517229635948210920e-01
6.494145738752226116e-01
6.118664366767920804e-01
9.673880527074781854e-01
9.771904931580390752e-01
7.636922839528426099e-01
3.476054081022533215e-01
1.848012345580776483e-01
9.219075234471516556e-01
4.190129219889569545e-01
7.598626776902797086e-01
2.453050566992563686e-01
2.005535201966112124e-01
9.871582773309121039e-01
5.075717101556670441e-01
8.761070654984216555e-01
8.511028905615732887e-01
9.557804176724382650e-01
1.379345269250456807e-01
2.683616328440639465e-01
2.243015196282196200e-01
3.053846751958059352e-02
1.951104972356748624e-01
5.833628123811528399e-01
3.605765542941620772e-01
1.255236510558929153e-01
3.471886296509542613e-01
6.514710429871735098e-01
1.205921525424116930e-01
1.338294462513568983e-01
9.620798595294524080e-01
4.976247321201346940e-01
9.217718885095688153e-01
6.009599609592322089e-01
9.935318082709165832e-01
2.788886157715356195e-01
7.774067728484781448e-01
6.747608615558092771e-01
7.521273249430933117e-01
3.907129028796738623e-01
5.631960846035642954e-01
1.204458811090763637e-01
5.438867220870249319e-01
3.249662148171172243e-02
5.582294590259152534e-01
2.916186475151585356e-01
4.784627852168583939e-02
9.084801083724945991e-01
2.792693537479793431e-01
3.322850584595756773e-01
6.144286279701490772e-01
4.315686430157020248e-01
5.333394616171890368e-01
9.292983002512646973e-01
6.645496797550031198e-01
